0.032000
0.033000
0.051000
0.033000
0.034000
0.056000
0.033000
0.033000
0.051000
0.033000
0.034000
0.051000
0.033000
0.033000
0.050000
0.033000
0.033000
0.055000
0.033000
0.034000
0.051000
0.033000
0.033000
0.051000
0.033000
0.034000
0.051000
0.033000
0.033000
0.056000
0.033000
0.033000
0.051000
0.034000
0.033000
0.050000
0.033000
0.033000
0.052000
0.033000
0.034000
0.055000
0.034000
0.033000
0.052000
0.033000
0.033000
0.052000
0.033000
0.034000
0.051000
0.033000
0.035000
0.054000
0.033000
0.033000
0.052000
0.033000
0.034000
0.062000
0.039000
0.043000
0.058000
0.039000
0.045000
0.072000
0.034000
0.035000
0.055000
0.039000
0.039000
0.070000
0.041000
0.033000
0.051000
0.033000
0.034000
0.052000
0.034000
0.036000
0.061000
0.034000
0.036000
0.054000
0.041000
0.036000
0.055000
0.035000
0.036000
0.055000
0.169000
0.229000
0.395000
0.167000
0.193000
0.381000
0.167000
0.188000
0.378000
0.168000
0.189000
0.377000
0.169000
0.205000
0.394000
0.170000
0.190000
0.445000
0.183000
0.201000
0.391000
0.170000
0.189000
0.391000
0.172000
0.237000
0.438000
0.172000
0.204000
0.399000
0.204000
0.191000
0.398000
0.173000
0.202000
0.450000
0.175000
0.217000
0.418000
0.179000
0.202000
0.487000
0.171000
0.195000
0.421000
0.173000
0.200000
0.389000
0.171000
0.193000
0.407000
0.187000
0.204000
0.406000
0.182000
0.203000
0.435000
0.173000
0.197000
0.404000
0.188000
0.196000
0.450000
0.171000
0.191000
0.379000
0.169000
0.193000
0.380000
0.173000
0.197000
0.421000
0.212000
0.260000
0.391000
0.180000
0.194000
0.408000
0.174000
0.194000
0.433000
0.189000
0.201000
0.463000
0.196000
0.221000
0.417000
0.193000
0.224000
0.429000
0.350000
0.415000
0.988000
0.439000
0.535000
1.056000
0.341000
0.406000
0.924000
0.339000
0.407000
0.956000
0.342000
0.406000
0.931000
0.346000
0.406000
0.966000
0.338000
0.423000
0.968000
0.341000
0.415000
0.931000
0.342000
0.418000
0.938000
0.340000
0.409000
0.941000
0.340000
0.407000
0.927000
0.398000
0.443000
1.082000
0.370000
0.434000
1.038000
0.343000
0.412000
0.943000
0.345000
0.412000
0.935000
0.340000
0.414000
0.939000
0.345000
0.411000
0.933000
0.341000
0.411000
0.938000
0.346000
0.410000
0.930000
0.342000
0.409000
0.932000
0.343000
0.409000
0.936000
0.342000
0.411000
0.933000
0.340000
0.410000
0.928000
0.343000
0.409000
0.933000
0.342000
0.411000
0.933000
0.343000
0.411000
0.934000
0.341000
0.410000
0.929000
0.343000
0.412000
0.935000
0.344000
0.412000
0.934000
0.342000
0.410000
0.934000
1.604000
2.349000
6.687000
1.604000
2.351000
6.692000
1.607000
2.355000
6.713000
1.616000
2.360000
6.730000
1.615000
2.360000
6.716000
1.616000
2.367000
6.818000
1.710000
2.536000
6.970000
1.793000
2.635000
7.105000
1.825000
2.656000
7.100000
1.822000
2.666000
7.092000
1.823000
2.668000
7.090000
1.822000
2.663000
7.108000
1.819000
2.663000
7.088000
1.832000
2.657000
7.091000
1.816000
2.655000
7.068000
1.815000
2.656000
7.252000
2.016000
2.922000
7.564000
1.825000
2.711000
7.255000
1.842000
2.713000
7.247000
1.864000
2.758000
7.299000
1.968000
3.027000
7.902000
1.990000
2.952000
7.214000
1.826000
2.996000
7.356000
1.851000
2.699000
7.140000
1.827000
2.668000
7.111000
1.826000
2.669000
7.108000
1.821000
2.665000
7.161000
1.823000
2.670000
7.104000
1.922000
2.796000
7.838000
1.925000
2.698000
7.156000
0.044000
0.040000
0.061000
0.044000
0.040000
0.061000
0.044000
0.040000
0.061000
0.045000
0.039000
0.060000
0.044000
0.041000
0.059000
0.044000
0.041000
0.061000
0.044000
0.040000
0.060000
0.044000
0.039000
0.060000
0.044000
0.040000
0.061000
0.044000
0.040000
0.062000
0.044000
0.040000
0.060000
0.044000
0.040000
0.061000
0.044000
0.040000
0.061000
0.045000
0.040000
0.061000
0.044000
0.040000
0.061000
0.044000
0.040000
0.061000
0.044000
0.040000
0.061000
0.044000
0.039000
0.060000
0.044000
0.042000
0.062000
0.052000
0.042000
0.066000
0.045000
0.039000
0.061000
0.044000
0.040000
0.069000
0.046000
0.040000
0.061000
0.044000
0.039000
0.061000
0.043000
0.039000
0.060000
0.055000
0.049000
0.063000
0.045000
0.040000
0.067000
0.051000
0.043000
0.065000
0.050000
0.046000
0.062000
0.044000
0.041000
0.062000
0.232000
0.230000
0.455000
0.226000
0.224000
0.541000
0.259000
0.278000
0.523000
0.301000
0.296000
0.540000
0.306000
0.274000
0.561000
0.265000
0.327000
0.520000
0.275000
0.280000
0.690000
0.287000
0.265000
0.452000
0.228000
0.226000
0.437000
0.230000
0.229000
0.422000
0.217000
0.214000
0.450000
0.224000
0.216000
0.419000
0.223000
0.216000
0.423000
0.227000
0.223000
0.429000
0.223000
0.223000
0.423000
0.224000
0.220000
0.428000
0.226000
0.247000
0.545000
0.297000
0.301000
0.667000
0.314000
0.316000
0.437000
0.260000
0.236000
0.465000
0.231000
0.227000
0.439000
0.229000
0.228000
0.438000
0.230000
0.232000
0.471000
0.265000
0.254000
0.658000
0.319000
0.298000
0.508000
0.231000
0.233000
0.445000
0.230000
0.231000
0.439000
0.228000
0.229000
0.437000
0.230000
0.229000
0.439000
0.229000
0.225000
0.452000
0.458000
0.496000
1.396000
0.480000
0.606000
1.455000
0.601000
0.641000
1.345000
0.627000
0.638000
1.391000
0.689000
0.712000
1.459000
0.618000
0.700000
1.619000
0.697000
0.606000
1.340000
0.593000
0.624000
1.420000
0.611000
0.607000
1.344000
0.597000
0.611000
1.375000
0.596000
0.614000
1.571000
0.691000
0.673000
1.451000
0.596000
0.648000
1.452000
0.614000
0.636000
1.480000
0.607000
0.646000
1.314000
0.596000
0.644000
1.448000
0.594000
0.608000
1.464000
0.604000
0.645000
1.438000
0.601000
0.606000
1.368000
0.604000
0.609000
1.422000
0.592000
0.611000
1.427000
0.596000
0.645000
1.300000
0.624000
0.623000
1.423000
0.638000
0.654000
1.525000
0.627000
0.689000
1.422000
0.611000
0.646000
1.431000
0.601000
0.644000
1.483000
0.643000
0.613000
1.477000
0.641000
0.681000
1.402000
0.607000
0.642000
1.452000
3.092000
3.629000
9.276000
2.422000
3.599000
8.228000
2.518000
2.920000
7.933000
2.405000
2.748000
7.583000
2.708000
2.972000
8.631000
2.780000
2.854000
7.580000
2.657000
3.112000
7.675000
2.424000
2.835000
7.835000
2.444000
2.819000
7.602000
2.420000
2.777000
7.248000
2.374000
2.745000
7.374000
2.384000
2.751000
7.262000
2.362000
2.725000
7.188000
2.400000
2.765000
7.368000
2.408000
2.755000
7.240000
2.362000
2.704000
7.204000
2.356000
2.713000
7.242000
2.410000
2.735000
8.999000
3.084000
3.532000
8.051000
2.665000
2.744000
7.200000
2.354000
2.736000
7.186000
2.372000
2.692000
7.863000
2.414000
3.365000
8.399000
2.541000
2.977000
8.020000
2.664000
3.121000
7.923000
2.394000
2.820000
7.353000
2.577000
2.875000
7.605000
2.423000
2.757000
7.231000
2.668000
2.942000
7.406000
2.415000
2.897000
7.601000
0.056000
0.047000
0.064000
0.049000
0.040000
0.064000
0.047000
0.041000
0.063000
0.065000
0.059000
0.068000
0.049000
0.041000
0.064000
0.047000
0.048000
0.069000
0.055000
0.043000
0.061000
0.062000
0.046000
0.062000
0.049000
0.043000
0.072000
0.047000
0.040000
0.062000
0.047000
0.041000
0.073000
0.054000
0.063000
0.103000
0.070000
0.056000
0.091000
0.050000
0.042000
0.066000
0.048000
0.042000
0.063000
0.049000
0.050000
0.079000
0.051000
0.042000
0.064000
0.049000
0.041000
0.063000
0.049000
0.041000
0.064000
0.048000
0.041000
0.073000
0.048000
0.041000
0.062000
0.047000
0.043000
0.064000
0.049000
0.042000
0.064000
0.047000
0.041000
0.076000
0.047000
0.041000
0.063000
0.049000
0.040000
0.063000
0.049000
0.041000
0.062000
0.049000
0.049000
0.062000
0.048000
0.041000
0.062000
0.048000
0.041000
0.063000
0.248000
0.231000
0.454000
0.249000
0.229000
0.453000
0.247000
0.233000
0.453000
0.248000
0.245000
0.450000
0.249000
0.241000
0.450000
0.250000
0.241000
0.442000
0.250000
0.230000
0.453000
0.249000
0.242000
0.437000
0.248000
0.232000
0.459000
0.250000
0.239000
0.438000
0.249000
0.252000
0.464000
0.278000
0.230000
0.447000
0.256000
0.232000
0.446000
0.255000
0.233000
0.451000
0.306000
0.258000
0.474000
0.264000
0.245000
0.580000
0.251000
0.242000
0.556000
0.269000
0.269000
0.463000
0.370000
0.253000
0.492000
0.251000
0.251000
0.451000
0.248000
0.230000
0.447000
0.248000
0.228000
0.454000
0.247000
0.229000
0.452000
0.249000
0.233000
0.462000
0.250000
0.241000
0.443000
0.248000
0.230000
0.450000
0.258000
0.232000
0.437000
0.247000
0.231000
0.468000
0.261000
0.230000
0.458000
0.248000
0.228000
0.451000
0.512000
0.482000
1.061000
0.546000
0.566000
1.176000
0.510000
0.490000
1.062000
0.534000
0.506000
1.067000
0.534000
0.512000
1.085000
0.566000
0.570000
1.081000
0.532000
0.492000
1.238000
0.508000
0.528000
1.198000
0.516000
0.506000
1.261000
0.505000
0.484000
1.043000
0.503000
0.481000
1.049000
0.502000
0.483000
1.051000
0.503000
0.486000
1.045000
0.503000
0.500000
1.077000
0.512000
0.479000
1.070000
0.517000
0.503000
1.053000
0.502000
0.490000
1.050000
0.516000
0.568000
1.200000
0.556000
0.484000
1.109000
0.607000
0.522000
1.213000
0.510000
0.582000
1.066000
0.502000
0.481000
1.064000
0.503000
0.493000
1.044000
0.502000
0.490000
1.047000
0.503000
0.492000
1.054000
0.512000
0.486000
1.058000
0.513000
0.479000
1.038000
0.503000
0.483000
1.047000
0.504000
0.484000
1.039000
0.503000
0.478000
1.053000
2.602000
2.744000
7.267000
2.594000
2.740000
7.210000
2.548000
2.732000
7.176000
2.569000
2.741000
7.176000
2.570000
2.729000
7.238000
2.584000
2.749000
7.200000
2.571000
2.736000
7.192000
2.524000
2.683000
7.143000
2.579000
2.732000
7.163000
2.582000
2.729000
7.194000
2.553000
2.697000
7.140000
2.543000
2.719000
7.144000
2.551000
2.742000
7.587000
2.640000
2.981000
8.161000
3.009000
2.972000
7.495000
2.572000
2.766000
7.325000
2.565000
2.750000
7.245000
2.701000
2.790000
7.385000
2.630000
2.890000
8.234000
3.313000
3.523000
8.880000
2.841000
2.785000
7.412000
2.613000
2.774000
8.826000
2.652000
2.893000
8.496000
3.109000
2.811000
8.357000
2.758000
2.776000
7.525000
2.868000
2.889000
7.351000
2.625000
2.773000
7.332000
2.639000
2.806000
7.432000
2.685000
2.817000
7.320000
2.603000
2.764000
7.341000
0.052000
0.040000
0.062000
0.050000
0.039000
0.069000
0.049000
0.041000
0.062000
0.051000
0.040000
0.064000
0.052000
0.041000
0.065000
0.050000
0.042000
0.062000
0.051000
0.040000
0.065000
0.051000
0.042000
0.063000
0.051000
0.042000
0.064000
0.052000
0.040000
0.064000
0.050000
0.042000
0.064000
0.052000
0.041000
0.064000
0.049000
0.043000
0.061000
0.048000
0.042000
0.061000
0.051000
0.039000
0.062000
0.050000
0.041000
0.062000
0.050000
0.040000
0.063000
0.052000
0.041000
0.064000
0.049000
0.042000
0.062000
0.052000
0.040000
0.064000
0.051000
0.042000
0.064000
0.049000
0.042000
0.063000
0.050000
0.042000
0.064000
0.049000
0.042000
0.062000
0.052000
0.040000
0.063000
0.051000
0.045000
0.063000
0.051000
0.042000
0.063000
0.050000
0.042000
0.063000
0.052000
0.040000
0.064000
0.050000
0.043000
0.063000
0.262000
0.231000
0.449000
0.262000
0.228000
0.449000
0.264000
0.243000
0.442000
0.261000
0.233000
0.444000
0.262000
0.233000
0.448000
0.262000
0.235000
0.448000
0.261000
0.232000
0.449000
0.261000
0.232000
0.448000
0.262000
0.231000
0.449000
0.262000
0.232000
0.447000
0.263000
0.232000
0.448000
0.267000
0.231000
0.451000
0.264000
0.235000
0.447000
0.261000
0.233000
0.443000
0.261000
0.231000
0.444000
0.262000
0.232000
0.447000
0.262000
0.232000
0.446000
0.262000
0.231000
0.442000
0.262000
0.232000
0.438000
0.260000
0.233000
0.451000
0.262000
0.232000
0.439000
0.258000
0.231000
0.442000
0.263000
0.231000
0.452000
0.261000
0.229000
0.438000
0.264000
0.232000
0.439000
0.259000
0.228000
0.443000
0.258000
0.232000
0.444000
0.261000
0.233000
0.446000
0.262000
0.231000
0.439000
0.260000
0.230000
0.462000
0.544000
0.491000
1.054000
0.533000
0.489000
1.054000
0.525000
0.490000
1.058000
0.529000
0.489000
1.053000
0.530000
0.486000
1.047000
0.534000
0.481000
1.035000
0.521000
0.479000
1.044000
0.521000
0.484000
1.039000
0.518000
0.482000
1.033000
0.519000
0.484000
1.040000
0.521000
0.481000
1.056000
0.519000
0.484000
1.056000
0.533000
0.488000
1.039000
0.528000
0.489000
1.048000
0.528000
0.485000
1.057000
0.530000
0.488000
1.065000
0.529000
0.485000
1.047000
0.536000
0.483000
1.054000
0.530000
0.487000
1.051000
0.533000
0.486000
1.048000
0.529000
0.484000
1.063000
0.531000
0.488000
1.050000
0.529000
0.487000
1.056000
0.530000
0.485000
1.071000
0.529000
0.488000
1.062000
0.523000
0.475000
1.041000
0.521000
0.476000
1.045000
0.524000
0.486000
1.044000
0.530000
0.531000
1.049000
0.532000
0.486000
1.060000
2.690000
2.759000
7.265000
2.685000
2.737000
7.297000
2.793000
3.337000
7.949000
2.930000
2.771000
7.690000
2.739000
2.922000
7.406000
2.778000
2.782000
7.556000
2.763000
2.956000
7.601000
2.763000
2.860000
7.894000
3.306000
3.325000
8.034000
2.772000
2.781000
7.316000
2.741000
2.903000
7.538000
3.094000
3.119000
8.328000
2.740000
2.785000
7.519000
2.864000
2.901000
7.932000
3.004000
2.998000
7.828000
2.942000
2.943000
7.821000
2.819000
2.868000
7.758000
2.883000
2.850000
7.525000
2.798000
2.883000
7.708000
2.800000
2.865000
7.614000
2.820000
2.795000
7.384000
2.889000
3.122000
7.981000
2.776000
2.875000
8.017000
2.748000
2.876000
7.734000
2.761000
2.833000
7.676000
2.767000
3.394000
7.457000
2.770000
2.799000
7.311000
2.823000
3.085000
7.944000
2.743000
2.794000
7.401000
2.951000
2.805000
7.655000
0.000000
